3.147547474752778071e+05 -1.157990411298686522e+05 8.382992352340984507e+04 -1.464271211221149088e+03 -1.124032420627521622e+00 2.405033594002241152e+05 4.181125788596692146e+05 -2.670004689791490138e+07 4.191600874352294340e+04
-1.157990411298686522e+05 4.871890969337460410e+04 -2.271426655818987274e+04 8.224421377635862882e+02 6.359142231433176917e-01 1.640178904299161877e+04 9.231239145709618242e+03 1.042749936425601691e+07 -1.135779639266303820e+04
8.382992352340984507e+04 -2.271426655818987274e+04 3.329131160666481446e+04 5.688279933837094404e+00 -2.845773619437112181e-04 2.054924624806868378e+05 3.312492743852700805e+05 -6.299158047671705484e+06 1.664566410944348536e+04
-1.464271211221149088e+03 8.224421377635862882e+02 5.688279933837094404e+00 1.073799071731646791e+03 8.165853844159565167e-01 -6.461147981653385841e+01 -1.145236208997094423e+02 -1.163869097814678753e+03 3.031052908223699660e+00
-1.124032420627521622e+00 6.359142231433176917e-01 -2.845773619437112181e-04 8.165853844159565167e-01 6.216708257609657390e-04 -7.733954074064065820e-02 -1.326010665327543026e-01 -8.845325208687301510e-16 2.861877304917298885e-18
2.405033594002241152e+05 1.640178904299161877e+04 2.054924624806868378e+05 -6.461147981653385841e+01 -7.733954074064065820e-02 3.096542537340871524e+06 4.919613310229645111e+06 -9.320543100207736716e+06 1.027467100539801031e+05
4.181125788596692146e+05 9.231239145709618242e+03 3.312492743852700805e+05 -1.145236208997094423e+02 -1.326010665327543026e-01 4.919613310229645111e+06 7.824495244082208723e+06 -1.826930730893223733e+07 1.656254071550206572e+05
-2.670004689791490138e+07 1.042749936425601691e+07 -6.299158047671705484e+06 -1.163869097814678753e+03 -8.845325208687301510e-16 -9.320543100207736716e+06 -1.826930730893223733e+07 2.348220630405133247e+09 -3.149594150564654730e+06
4.191600874352294340e+04 -1.135779639266303820e+04 1.664566410944348536e+04 3.031052908223699660e+00 2.861877304917298885e-18 1.027467100539801031e+05 1.656254071550206572e+05 -3.149594150564654730e+06 8.322872103063877148e+03
